989010133698
989010166836
989010168490
989010169284
989010175642
989010191038
989010197835
989010204880
989010242318
989010246551
989010265327
989010280948
989010282420
989010284092
989010297418
989010317454
989010326580
989010338103
989010342599
989010357450
989010371793
989010381372
989010382285
989010384455
989010391513
989010417428
989010418159
989010431255
989010431486
989010443696
989010485455
989010486477
989010513438
989010519646
989010551822
989010553842
989010559854
989010561191
989010589486
989010593354
989010605790
989010610108
989010626061
989010640681
989010661080
989010669299
989010675711
989010677259
989010684470
989010686698
989010708089
989010708633
989010717898
989010725435
989010726198
989010729760
989010733717
989010743864
989010758912
989010771390
989010780057
989010785311
989010796510
989010838373
989010867798
989010868507
989010873796
989010878163
989010880763
989010887597
989010892596
989010892641
989010897943
989010901018
989010938701
989010961007
989010966900
989011010068
989011020796
989011024627
989011040154
989011042732
989011045944
989011065497
989011073765
989011098522
989011224790
989011243182
989011277609
989011290296
989011291411
989011293049
989011312564
989011319466
989011336154
989011371454
989011406263
989011406767
989011447354
989011448909